  0.292838822    -0.779452895E-01 0.442923940E-01 0.845582884     00001
 -1.40937257     0.301926272    -0.187978798     -2.47726545     10001
   3.33484635    -0.862548001     0.574689548      10.5041925     01001
  0.130450160E-01  4.51258325    -0.861523847     0.259132153E-01 00101
   -0.618394303E-01 -47.7437684      8.94535901    -0.107744042     00011
  -1.06632062     0.166741450    -0.107916203     -1.30229160     00002
 8.25911533     -1.83293852      1.12279865      14.9915932     20001
  -47.6174640      11.2343899     -6.91073184     -102.172283     11001
   55.1407027     -14.8476604      8.99669956      167.425330     02001
 -0.200203451     -29.7959888      5.79495202    -0.355610730     10101
  0.581102350      92.6441184     -17.5793541      1.10085095     01101
  0.674591404     0.105565714E-01 0.737030604E-01  1.59446570     00201
    1.26360425      313.950245     -60.8321028      2.32007780     10011
  -3.37979080     -961.090831      181.666938     -6.43192218     01011
  -14.6993853     0.949357116     -1.68119854     -34.2620515     00111
   11.3392101     -2.12339845      1.34371761      17.7676078     10002
  -33.1512601      6.62921725     -4.19625684     -59.3627791     01002
 -0.156245518     -18.1815606      3.55438552    -0.262047135     00102
   78.9827133     -11.1025869      9.41992856      183.089213     00021
  0.994119583      193.354135     -37.7652042      1.77029229     00012
   5.21699889    -0.833070758     0.548672097      7.31883661     00003
     -53.7324214      12.0470375     -7.36030184     -98.1457889     30001
   479.946013     -111.483955      68.2857468      965.271817     21001
  -1264.83189      310.320246     -190.049701     -2920.57583     12001
   908.437639     -243.926960      148.585765      2640.79126     03001
   2.09423955      181.634158     -35.4615614      3.66998997     20101
  -12.4222735     -1095.06205      211.310693     -23.6481174     11101
   15.9439662      1318.52165     -249.844514      34.4087498     02101
  -9.04889740    -0.981106226    -0.821042471     -17.5288403     10201
   32.7896223      1.98193190      3.03790521      68.2379240     01201
  0.669006170E-01  13.8708532     -2.68487439     0.137585094     00301
    -14.3642114     -1918.69583      373.400429     -25.3958400     20011
   81.1943803      11438.0513     -2198.62553      156.120610     11011
  -97.3240696     -13566.1443      2554.66747     -212.552114     02011
   190.592397      5.72007044      19.3473587      369.014700     10111
  -681.345885      11.0581522     -71.0735638     -1421.30508     01111
  -1.91822032     -449.741674      86.8561930     -3.88665848     00211
   -106.687061      21.3753198     -13.3322724     -177.074891     20002
   635.350743     -132.444105      82.7053122      1158.01320     11002
  -835.125883      186.172715     -115.959663     -1741.61114     02002
   3.06174899      221.985076     -43.3397533      5.08551026     10102
  -8.92400515     -682.419546      131.944729     -16.1898306     01102
  -5.93441922     -1.10073087    -0.387050727     -10.1072757     00202
   -991.039530      46.5410893     -111.012275     -1919.22416     10021
   3518.02268     -329.920269      408.281910      7348.25903     01021
   17.6373146      4803.10774     -924.194989      35.2966405     00121
  -21.1299702     -2355.14588      458.851003     -35.7625111     10012
   58.3993979      7153.37734     -1379.14931      108.523448     01012
   125.953374      12.6540913      9.76198680      213.987875     00112
  -95.1280319      17.1315502     -10.9364018     -145.190536     10003
   284.630985     -53.3887756      34.0723952      475.442597     01003
   1.49562799      92.8494449     -18.0995700      2.34278439     00103
    -51.9910235     -16946.9753      3246.45584     -102.509862     00031
  -659.873293     -11.7721877     -58.9266869     -1119.21455     00022
  -10.4011416     -989.993413      192.843487     -16.7150638     00013
  -32.1638312      5.22805775     -3.42382897     -45.5409478     00004
    367.377567     -82.6824917      50.4619769      673.160709     40001
  -4435.92025      1023.92371     -626.038428     -8711.03977     31001
   18493.3531     -4415.47174      2702.05023      39666.9109     22001
  -30567.4222      7638.46527     -4671.44743     -73617.1309     13001
   16038.4954     -4252.36263      2593.32705      45293.5060     04001
  -19.4043828     -1193.12161      232.740037     -34.0166755     30101
   174.493103      10939.1238     -2117.64680      326.128670     21101
  -473.155134     -29745.1369      5698.26365     -962.418162     12101
   370.379830      22233.4059     -4191.91514      845.592924     03101
   91.0190854      14.9697702      6.95171401      172.875986     20201
  -613.410062     -77.7304059     -50.4260848     -1251.62438     11201
   926.799755      71.2278127      85.5228149      2115.72110     02201
  -1.75130753     -195.741237      38.1734565     -3.26332266     10301
   6.40012284      720.989443     -139.129269      12.2486999     01301
   1.27109345     0.743554961     0.743139310E-01  3.18869908     00401
    136.908065      12637.7063     -2459.05241      240.570548     30011
  -1189.00726     -115052.551      22210.8941     -2230.01537     21011
   3074.10115      310484.814     -59292.1644      6282.87278     12011
  -2245.00467     -230632.952      43325.6304     -5153.99079     03011
  -1905.33134     -170.893713     -168.479422     -3624.81709     20111
   12735.6104      676.510596      1202.37578      26046.1290     11111
  -19041.3456     -89.1798936     -1996.87135     -43631.5482     02111
   49.6705799      6260.46871     -1218.72438      92.3424359     10211
  -177.736415     -22749.9325      4381.96993     -340.054304     01211
  -57.1634358     -26.8276872     -3.97845276     -142.039230     00311
   955.320788     -197.644076      122.452961      1629.28796     30002
  -8645.71138      1838.09648     -1140.13038     -15786.8327     21002
   24022.7123     -5306.89373      3290.49342      47910.1278     12002
  -19860.1945      4633.69317     -2864.62253     -44514.6215     03002
  -41.0518476     -2186.45130      426.114423     -68.7276992     20102
   244.190268      13439.4172     -2601.50144      436.382641     11102
  -328.503492     -18478.6624      3543.14182     -639.758333     02102
   118.919180      25.8939262      6.86989890      205.981939     10202
  -404.064248     -69.2253994     -26.3853981     -745.324679     01202
  -1.26449657     -114.704160      22.3668870     -2.26605583     00302
    9846.83071      160.286896      986.066874      18773.2629     20021
  -65566.5962      1354.63778     -6982.87458     -134372.683     11021
   97426.3918     -6713.28524      11450.7709      223931.713     02021
  -456.872352     -66175.1137      12853.5558     -848.384005     10121
   1601.78891      238078.392     -45760.3183      3063.93531     01121
   939.888074      347.481305      74.9163500      2324.91803     00221
   291.291280      23217.1250     -4516.92215      491.395891     20012
  -1672.25515     -141679.134      27370.4460     -3018.96270     11012
   2145.08264      193215.095     -36959.2643      4231.12527     02012
  -2498.26487     -348.210426     -176.637168     -4332.69216     10112
   8422.08921      801.803137      657.778824      15569.9687     01112
   36.1334242      3694.59848     -719.338793      64.6877707     00212
   1253.94055     -239.430299      150.769632      2004.15183     20003
  -7573.08007      1487.60128     -937.185348     -12941.0765     11003
   10531.1436     -2156.83421      1356.43726      19652.8353     02003
  -38.7031132     -1815.97136      353.365535     -61.7810020     10103
   114.627679      5618.04358     -1086.75763      195.570480     01103
   51.7940111      13.8809432      2.15620301      83.1013911     00203
     1362.71596      231613.917     -44879.3389      2529.02565     10031
  -4667.45713     -827371.336      158681.295     -8926.39148     01031
  -6733.37771     -1886.39702     -600.492319     -16647.5823     00131
   12959.2913      812.675184      1078.63618      22515.2213     10022
  -43542.1228     -835.654472     -3950.38443     -80648.1551     01022
  -335.014584     -39308.1721      7638.29187     -600.384561     00122
   276.145231      19334.5383     -3758.95614      445.849699     10013
  -788.763634     -59372.6331      11471.8453     -1366.71593     01013
  -1092.59778     -202.863258     -60.5394739     -1753.76896     00113
   831.520392     -146.935767      94.1466614      1252.09492     10004
  -2518.45211      457.879729     -293.345341     -4046.44792     01004
  -13.7319298     -575.917403      111.835290     -20.8987165     00104
   17812.3888      3504.86326      1749.96338      44166.2642     00041
   1008.09985      138438.013     -26843.5381      1811.48774     00032
   5691.22754      599.924140      391.062452      9145.39260     00023
   98.5289265      6149.62744     -1194.22453      152.056469     00014
   223.021664     -36.5318350      23.8422661      317.711927     00005
     -2584.00456      582.551712     -355.323904     -4740.40665     50001
   39298.5107     -9036.87305      5519.51951      76098.9622     41001
  -224600.782      52936.3245     -32361.0810     -464126.096     32001
   592594.575     -144034.914      88066.9824      1325237.15     23001
  -703642.501      177668.973     -108541.863     -1733311.25     14001
   289523.871     -76442.1109      46607.3011      801909.021     05001
   171.366300      8177.07333     -1592.63584      301.918300     40101
  -2071.51631     -100610.315      19490.2615     -3842.85050     31101
   8730.42538      428499.538     -82456.1605      17258.8152     22101
  -14884.6921     -725274.088      138390.777     -31845.7525     13101
   8408.11416      389530.782     -73556.8676      19837.2672     04101
  -842.787534     -162.725736     -56.8544714     -1582.16058     30201
   8303.79449      1352.53440      609.876245      16510.5316     21201
  -25249.0913     -3193.88880     -2054.58631     -54194.3776     12201
   22893.2540      1900.20407      2111.22207      54674.1791     03201
   27.0316737      1998.31058     -390.287858      49.3222225     20301
  -184.425555     -13722.0709      2661.65813     -350.649939     11301
   287.116975      21308.6214     -4096.26285      580.917280     02301
  -37.3112347     -21.0015636    -0.897914468     -76.9285178     10401
   151.317332      74.7531764      4.11494043      318.964868     01401
  0.202769495      30.2331068     -5.88796213     0.436694982     00501
   -1225.99117     -86741.7389      16863.7524     -2160.92218     40011
   14427.9285      1061738.37     -205276.247      26801.3511     31011
  -58757.6319     -4496739.61      863460.139     -116445.222     22011
   95770.9980      7567322.12     -1440589.01      205629.240     13011
  -50939.7547     -4042813.45      761583.751     -120549.058     04011
   17603.6062      2123.05127      1407.44247      33106.6478     30111
  -172427.593     -15684.1371     -14823.3285     -343526.127     21111
   520888.003      28695.3100      48957.6963      1120469.36     12111
  -468862.927     -5697.23284     -49220.0813     -1122179.05     03111
  -765.513173     -63520.1008      12389.6989     -1396.02291     20211
   5149.75287      432299.671     -83736.7084      9796.91407     11211
  -7873.99255     -663909.955      127439.186     -15965.7466     02211
   1613.86758      771.319684      58.8609056      3324.30489     10311
  -6467.46023     -2670.49190     -255.272830     -13645.6536     01311
  -10.6714338     -1706.82838      332.400292     -22.6869511     00411
  -8307.77721      1751.33298     -1080.93561     -14393.9191     40002
   100990.725     -21739.2343      13431.2298      184597.138     31002
  -432658.952      95679.0308     -59129.2996     -843999.823     22002
   760933.671     -174270.406      107609.515      1608307.31     13002
    -451904.883      108307.418     -66724.3293     -1055406.75     04002
   472.030506      19997.6838     -3890.26712      798.986266     30102
  -4258.79397     -184894.469      35790.4938     -7592.89212     21102
   11907.3432      527206.935     -101424.652      22640.8153     12102
  -10100.0135     -449577.721      85806.4019     -20816.8043     03102
  -1632.83012     -381.837757     -86.9907352     -2859.46239     20202
   10744.1931      2140.58088      646.815838      19866.7672     11202
  -16389.3533     -2593.02815     -1132.79865     -32626.5353     02202
   37.8906387      2403.65549     -469.030805      66.4572105     10302
  -128.688324     -8328.19426      1615.23824     -234.816534     01302
  -23.3447879     -15.7808640     0.140422724     -44.7517896     00402
    -90773.0493     -4492.34824     -8358.72815     -171070.144     30021
   886718.132      16975.4486      87186.7405      1769950.20     21021
  -2669629.67      46230.1854     -284618.902     -5752745.84     12021
   2392888.08     -145146.640      282113.066      5736310.79     03021
   7059.90249      668296.112     -130144.078      12873.1625     20121
  -46842.7664     -4516507.68      873447.231     -89171.2400     11121
   70282.7632      6874077.44     -1317368.03      142803.885     02121
  -25815.2650     -10295.8733     -1242.87709     -53177.1348     10221
   102585.336      34445.8746      5254.12594      216649.602     01221
   219.095183      37683.0862     -7327.76600      461.013378     00321
  -3393.41553     -212500.640      41289.2662     -5765.02534     30012
   29804.4054      1954505.69     -377830.150      53417.3031     21012
  -80536.9470     -5541292.88      1064409.08     -154240.057     12012
   65347.7036      4696733.73     -894837.631      135932.040     03012
   34178.1500      5434.18255      2267.56660      59950.6026     20112
  -223591.100     -28040.1053     -16365.2776     -414276.519     11112
   338802.033      28959.3181      27809.6770      676214.021     02112
  -1077.54145     -76679.7699      14946.3835     -1890.75087     10212
   3606.93612      263412.585     -51029.5073      6595.02830     01212
   1015.29084      592.484282      8.20075288      1941.20820     00312
  -14365.6218      2839.70410     -1774.74828     -23610.6460     30003
   130965.288     -26455.5293      16544.7788      226928.950     21003
  -374059.983      77769.8317     -48617.0587     -691609.278     12003
    328902.263     -71074.5328      44348.6893      659518.154     03003
   652.161938      24823.5317     -4821.84148      1060.18439     20103
  -3910.69703     -153385.617      29658.9208     -6698.78207     11103
   5448.34179      219536.196     -42209.7638      9963.42354     02103
  -1413.59529     -383.785034     -57.5508466     -2327.09606     10203
   4670.86292      1087.45155      225.973269      8089.23473     01203
   17.6346643      975.818447     -190.130005      29.6690161     00303
    -21209.0205     -2329895.12      452944.968     -38672.3331     20031
   138561.452      15662602.7     -3023874.18      263933.892     11031
  -203283.282     -23665607.2      4527816.53     -413925.411     02031
   181392.769      58714.7591      10758.6544      373987.886     10131
  -716976.732     -187263.224     -44887.2281     -1515652.86     01131
  -2201.83137     -409031.792      79365.4214     -4592.66778     00231
  -176644.880     -15134.5199     -13958.4913     -310447.445     20022
   1152575.16      59732.9884      99111.0885      2139588.84     11022
  -1740290.75     -20636.2200     -165383.383     -3480739.10     02022
   9982.55610      809570.698     -157583.466      17539.2487     10122
  -32941.7143     -2762573.40      534436.695     -60391.8490     01122
  -16316.0991     -8129.29890     -346.099830     -31164.7061     00222
  -4709.52647     -264255.328      51302.0600     -7702.93391     20013
   27490.4291      1624244.44     -313848.496      47481.5267     11013
  -37015.2808     -2311075.34      443941.033     -68441.8066     02013
   29659.9168      5760.88724      1610.88607      48887.7088     10113
  -97443.0097     -15300.9514     -6022.19164     -169062.287     01113
  -503.807057     -31248.0631      6083.20505     -848.357650     00213
  -14097.2967      2618.55236     -1658.22785     -22058.4120     20004
   85748.3259     -16284.0107      10315.0712      141335.343     11004
  -122535.595      23985.9656     -15178.2043     -215444.364     02004
   452.285970      15632.2122     -3031.17822      706.372115     10104
  -1354.33952     -48464.4070      9358.41128     -2229.12072     01104
  -461.310351     -141.747667     -13.5328724     -718.613115     00204
   -473330.646     -118811.500     -33206.7342     -977502.799     10041
   1865936.73      350707.714      137683.006      3948436.37     01041
   10861.8563      2190696.50     -423975.896      22472.9245     00141
  -30137.8060     -2832205.08      550458.433     -53056.4741     10032
   97865.6010      9616345.95     -1857581.69      180024.697     01032
   115107.461      48086.7498      3876.94812      219934.456     00132
  -153677.710     -18238.9718     -10371.0668     -253716.333     10023
   503633.306      41103.2065      37777.1894      875263.447     01023
   4689.87602      331115.470     -64385.3192      7913.81400     00123
  -3280.03181     -166726.115      32333.5776     -5163.55590     10014
   9560.12486      514135.395     -99277.1707      15904.0890     01014
   9705.05790      2207.54137      421.666012      15129.2855     00114
  -7446.63559      1301.66374     -835.773381     -11125.7182     10005
   22687.8400     -4055.00951      2603.63779      35670.5595     01005
   126.039234      3992.79874     -772.708985      189.244304     00105
   -21085.8334     -4643214.05      896106.937     -43260.9298     00051
  -301430.771     -102577.628     -13781.5750     -576762.648     00042
  -14232.3527     -1162531.02      225761.270     -24091.7874     00033
  -50422.1309     -7541.88723     -2879.34175     -78698.1384     00024
  -917.782159     -42671.8753      8265.09481     -1390.91123     00015
  -1654.74395      272.439207     -177.483318     -2366.21348     00006